Frequenze,errF,Guadagni,errG
80,	0.5,	8.160842893,	0.346235241
81,	0.5,	8.670895574,	0.367874944
82,	0.5,	9.384969327,	0.398170527
83,	0.5,	10.30306415,	0.437121992
84,	0.5,	11.22115898,	0.476073456
85,	0.5,	12.44528541,	0.528008743
86,	0.5,	13.87343292,	0.58859991
87,	0.5,	15.70962257,	0.666502839
88,	0.5,	17.85184383,	0.75738959
89,	0.5,	20.60612831,	0.874243984
90,	0.5,	24.48252868,	1.038705723
91,	0.5,	29.58305549,	1.255102749
91.5,	0.5,	32.38834523,	1.374121113
92,	0.5,	35.44866132,	1.503959328
92.5,	0.5,	39.27405642,	1.666257097
93,	0.5,	42.84442519,	1.817735015
93.5,	0.5,	45.90474127,	1.947573231
94,	0.5,	47.43489932,	2.012492338
94.5,	0.5,	46.92484664,	1.990852636
95,	0.5,	46.41479395,	1.969212933
95.5,	0.5,	43.86453055,	1.86101442
96,	0.5,	40.80421447,	1.731176205
96.5,	0.5,	37.74389838,	1.60133799
97,	0.5,	34.17352962,	1.449860072
97.5,	0.5,	31.11321353,	1.320021856
98,	0.5,	29.07300281,	1.233463046
99,	0.5,	24.48252868,	1.038705723
100,	0.5,	21.01417045,	0.891555746
101,	0.5,	18.36189651,	0.779029292
102,	0.5,	16.32168579,	0.692470482
103,	0.5,	14.48549614,	0.614567553
104,	0.5,	13.2613697,	0.562632267
105,	0.5,	12.24126434,	0.519352861
106,	0.5,	11.22115898,	0.476073456
107,	0.5,	10.60909576,	0.450105813
108,	0.5,	10.20105362,	0.432794051
109,	0.5,	9.384969327,	0.398170527
110,	0.5,	8.976927182,	0.380858765
111,	0.5,	8.568885038,	0.363547003
115,	0.5,	6.681690119,	0.283480104